(f5.0,5f13.4)
$title velocity kt test cases (run with a502h)                                 
$title tamigniaux 865-6148 7k-04                                               
$      second order pressures at grid points
*dupt
*dup
n01c001
 irow            x            y            z          cp1          cp2
    1  0.00000E+00  0.00000E+00  1.10000E+02  6.41850E-01  8.91909E-02
    2  1.00000E+00  0.00000E+00  1.10000E+02  2.29355E-01  2.96806E-02
    3  2.00000E+00  0.00000E+00  1.10000E+02 -2.28379E-01 -2.99585E-02
    4  3.00000E+00  0.00000E+00  1.10000E+02 -7.23467E-01 -8.95645E-02
*eof
n01c002
    1  0.00000E+00  1.00000E+00  1.10000E+02  6.35754E-01  8.90625E-02
    2  1.00000E+00  1.00000E+00  1.10000E+02  2.17709E-01  2.95252E-02
    3  2.00000E+00  1.00000E+00  1.10000E+02 -2.23751E-01 -2.97925E-02
    4  3.00000E+00  1.00000E+00  1.10000E+02 -6.93649E-01 -8.88530E-02
*eof
n01c003
    1  0.00000E+00  2.00000E+00  1.10000E+02  5.82839E-01  8.83989E-02
    2  1.00000E+00  2.00000E+00  1.10000E+02  1.85315E-01  2.89499E-02
    3  2.00000E+00  2.00000E+00  1.10000E+02 -2.29237E-01 -3.01289E-02
    4  3.00000E+00  2.00000E+00  1.10000E+02 -6.65873E-01 -8.87999E-02
*eof
n01c004
    1  0.00000E+00  3.00000E+00  1.10000E+02  4.93211E-01  8.72410E-02
    2  1.00000E+00  3.00000E+00  1.10000E+02  1.29150E-01  2.78843E-02
    3  2.00000E+00  3.00000E+00  1.10000E+02 -2.47893E-01 -3.10381E-02
    4  3.00000E+00  3.00000E+00  1.10000E+02 -6.56978E-01 -8.96034E-02
*eof
n02c001
    1  0.00000E+00  0.00000E+00  1.50000E+02  3.94786E-01  2.98292E-02
    2  1.00000E+00  0.00000E+00  1.50000E+02  1.41987E-01  1.01372E-02
    3  2.00000E+00  0.00000E+00  1.50000E+02 -1.34841E-01 -9.98232E-03
    4  3.00000E+00  0.00000E+00  1.50000E+02 -4.27346E-01 -3.02040E-02
*eof
n02c002
    1  0.00000E+00  1.00000E+00  1.50000E+02  3.81991E-01  2.92328E-02
    2  1.00000E+00  1.00000E+00  1.50000E+02  1.30794E-01  9.71109E-03
    3  2.00000E+00  1.00000E+00  1.50000E+02 -1.28475E-01 -9.72686E-03
    4  3.00000E+00  1.00000E+00  1.50000E+02 -4.03355E-01 -2.93381E-02
*eof
n02c003
    1  0.00000E+00  2.00000E+00  1.50000E+02  3.30353E-01  2.74125E-02
    2  1.00000E+00  2.00000E+00  1.50000E+02  1.07583E-01  8.97660E-03
    3  2.00000E+00  2.00000E+00  1.50000E+02 -1.18221E-01 -9.23938E-03
    4  3.00000E+00  2.00000E+00  1.50000E+02 -3.54644E-01 -2.74939E-02
*eof
n02c004
    1  0.00000E+00  3.00000E+00  1.50000E+02  2.53936E-01  2.49064E-02
    2  1.00000E+00  3.00000E+00  1.50000E+02  6.99522E-02  7.86848E-03
    3  2.00000E+00  3.00000E+00  1.50000E+02 -1.06527E-01 -8.58655E-03
    4  3.00000E+00  3.00000E+00  1.50000E+02 -3.00658E-01 -2.53567E-02
*eof
n03c001
    1  0.00000E+00  0.00000E+00  1.70000E+02  1.22210E-01  2.29257E-04
    2  1.00000E+00  0.00000E+00  1.70000E+02  4.46223E-02  7.68892E-05
    3  2.00000E+00  0.00000E+00  1.70000E+02 -3.50549E-02 -7.68341E-05
    4  3.00000E+00  0.00000E+00  1.70000E+02 -1.14922E-01 -2.28422E-04
*eof
n03c002
    1  0.00000E+00  1.00000E+00  1.70000E+02  1.18268E-01  2.21697E-04
    2  1.00000E+00  1.00000E+00  1.70000E+02  4.23439E-02  7.32449E-05
    3  2.00000E+00  1.00000E+00  1.70000E+02 -3.33010E-02 -7.30612E-05
    4  3.00000E+00  1.00000E+00  1.70000E+02 -1.10646E-01 -2.20860E-04
*eof
n03c003
    1  0.00000E+00  2.00000E+00  1.70000E+02  1.05758E-01  1.99074E-04
    2  1.00000E+00  2.00000E+00  1.70000E+02  3.77138E-02  6.56874E-05
    3  2.00000E+00  2.00000E+00  1.70000E+02 -2.97341E-02 -6.55487E-05
    4  3.00000E+00  2.00000E+00  1.70000E+02 -9.85738E-02 -1.98289E-04
*eof
n03c004
    1  0.00000E+00  3.00000E+00  1.70000E+02  8.86047E-02  1.68906E-04
    2  1.00000E+00  3.00000E+00  1.70000E+02  3.05754E-02  5.42023E-05
    3  2.00000E+00  3.00000E+00  1.70000E+02 -2.45200E-02 -5.43274E-05
    4  3.00000E+00  3.00000E+00  1.70000E+02 -8.29885E-02 -1.68278E-04
*eof
n04c001
    1  0.00000E+00  0.00000E+00  1.20000E+02  2.64182E-01 -1.97633E-02
    2  1.00000E+00  0.00000E+00  1.20000E+02  9.40105E-02 -6.69211E-03
    3  2.00000E+00  0.00000E+00  1.20000E+02 -8.54807E-02  6.66293E-03
    4  3.00000E+00  0.00000E+00  1.20000E+02 -2.68151E-01  1.95820E-02
*eof
n04c002
    1  0.00000E+00  1.00000E+00  1.20000E+02  2.52942E-01 -1.81686E-02
    2  1.00000E+00  1.00000E+00  1.20000E+02  8.65010E-02 -5.93138E-03
    3  2.00000E+00  1.00000E+00  1.20000E+02 -7.98646E-02  5.90811E-03
    4  3.00000E+00  1.00000E+00  1.20000E+02 -2.53418E-01  1.79746E-02
*eof
n04c003
    1  0.00000E+00  2.00000E+00  1.20000E+02  2.11154E-01 -1.39262E-02
    2  1.00000E+00  2.00000E+00  1.20000E+02  7.06308E-02 -4.50941E-03
    3  2.00000E+00  2.00000E+00  1.20000E+02 -6.73066E-02  4.50127E-03
    4  3.00000E+00  2.00000E+00  1.20000E+02 -2.09959E-01  1.37335E-02
*eof
n04c004
    1  0.00000E+00  3.00000E+00  1.20000E+02  1.51689E-01 -8.44279E-03
    2  1.00000E+00  3.00000E+00  1.20000E+02  4.51932E-02 -2.41978E-03
    3  2.00000E+00  3.00000E+00  1.20000E+02 -4.90508E-02  2.45164E-03
    4  3.00000E+00  3.00000E+00  1.20000E+02 -1.53368E-01  8.28316E-03
*eof
n05c001
    1  0.00000E+00  0.00000E+00  1.25000E+02  3.52009E-01  8.07261E-02
    2  1.00000E+00  0.00000E+00  1.25000E+02  1.23462E-01  2.56075E-02
    3  2.00000E+00  0.00000E+00  1.25000E+02 -1.20937E-01 -3.07037E-02
    4  3.00000E+00  0.00000E+00  1.25000E+02 -3.73157E-01 -8.68671E-02
*eof
n05c002
    1  0.00000E+00  1.00000E+00  1.25000E+02  3.37868E-01  7.78981E-02
    2  1.00000E+00  1.00000E+00  1.25000E+02  1.13106E-01  2.40605E-02
    3  2.00000E+00  1.00000E+00  1.25000E+02 -1.14172E-01 -2.94066E-02
    4  3.00000E+00  1.00000E+00  1.25000E+02 -3.53146E-01 -8.38810E-02
*eof
n05c003
    1  0.00000E+00  2.00000E+00  1.25000E+02  2.84162E-01  6.91678E-02
    2  1.00000E+00  2.00000E+00  1.25000E+02  9.16323E-02  2.09186E-02
    3  2.00000E+00  2.00000E+00  1.25000E+02 -9.91792E-02 -2.68044E-02
    4  3.00000E+00  2.00000E+00  1.25000E+02 -2.97500E-01 -7.53856E-02
*eof
n05c004
    1  0.00000E+00  3.00000E+00  1.25000E+02  2.06872E-01  5.73199E-02
    2  1.00000E+00  3.00000E+00  1.25000E+02  5.70122E-02  1.61039E-02
    3  2.00000E+00  3.00000E+00  1.25000E+02 -7.80352E-02 -2.29816E-02
    4  3.00000E+00  3.00000E+00  1.25000E+02 -2.26756E-01 -6.43468E-02
*eof
n06c001
    1  0.00000E+00  0.00000E+00  1.40000E+02  3.61266E-01  3.37914E-01
    2  1.00000E+00  0.00000E+00  1.40000E+02  1.29518E-01  1.12028E-01
    3  2.00000E+00  0.00000E+00  1.40000E+02 -1.21650E-01 -1.32165E-01
    4  3.00000E+00  0.00000E+00  1.40000E+02 -3.81236E-01 -3.84147E-01
*eof
n06c002
    1  0.00000E+00  1.00000E+00  1.40000E+02  3.39018E-01  3.16693E-01
    2  1.00000E+00  1.00000E+00  1.40000E+02  1.15808E-01  9.89239E-02
    3  2.00000E+00  1.00000E+00  1.40000E+02 -1.12686E-01 -1.23543E-01
    4  3.00000E+00  1.00000E+00  1.40000E+02 -3.52028E-01 -3.56463E-01
*eof
n06c003
    1  0.00000E+00  2.00000E+00  1.40000E+02  2.88060E-01  2.66570E-01
    2  1.00000E+00  2.00000E+00  1.40000E+02  9.48673E-02  7.84835E-02
    3  2.00000E+00  2.00000E+00  1.40000E+02 -9.92495E-02 -1.10151E-01
    4  3.00000E+00  2.00000E+00  1.40000E+02 -2.99888E-01 -3.05122E-01
*eof
n06c004
    1  0.00000E+00  3.00000E+00  1.40000E+02  2.23254E-01  2.02246E-01
    2  1.00000E+00  3.00000E+00  1.40000E+02  6.45996E-02  4.87126E-02
    3  2.00000E+00  3.00000E+00  1.40000E+02 -8.34710E-02 -9.40170E-02
    4  3.00000E+00  3.00000E+00  1.40000E+02 -2.44366E-01 -2.49291E-01
*eof
